2
2 2
0.750000000000 0.000000000000 1.000000000000
0.500000000000
0.500000000000 0.000000000000 0.000000000000 0.000000000000 
0.000000000000 1.000000000000 0.000000000000 0.000000000000 
0.000000000000 0.000000000000 1.000000000000 0.000000000000 
0.500000000000 -0.500000000000 1.000000000000 1.000000000000 
0
0
0 2
1.000000000000 0.000000000000 0.750000000000
0.500000000000
0.000000000000 0.000000000000 0.500000000000 0.000000000000 
0.000000000000 1.000000000000 0.000000000000 0.000000000000 
1.000000000000 0.000000000000 0.000000000000 0.000000000000 
1.000000000000 -0.500000000000 0.500000000000 1.000000000000 
0
0
